0.000
33.320
66.637
99.955
133.276
166.592
199.910
266.548
333.184
366.503
399.822
499.777
533.094
599.731
633.050
699.686
733.005
766.323
832.959
866.278
899.596
966.235
999.552
1032.870
1099.506
1132.826
1166.144
1232.782
1266.101
1299.418
1332.737
1366.054
1432.692
1466.010
1499.329
1565.965
1599.283
1632.602
1665.921
1699.239
1765.876
1799.194
1865.833
1899.150
1932.468
1999.102
2032.423
2065.742
2099.060
2165.696
2199.014
2232.333
2265.651
2332.286
2365.606
2398.924
2432.242
2465.561
2532.197
2565.517
2632.151
2665.473
2698.793
2732.109
2798.743
2832.065
2865.383
2932.017
2965.337
3031.973
3065.292
3131.930
3165.246
3198.566
3231.884
3298.518
3331.839
3365.158
3398.476
3431.794
3465.113
3498.431
3565.068
3598.386
3631.704
3665.024
3731.661
3764.978
3798.299
3831.614
3898.251
3931.569
3964.888
3998.206
4031.525
4098.161
4131.481
4198.117
4231.436
4264.753
4331.391
4364.709
4398.028
4431.346
4464.664
4497.983
4531.301
4564.619
4597.939
4631.257
4664.577
4697.893
4731.212
4797.845
4831.166
4864.484
4897.803
4931.123
4997.757
5031.076
5064.394
5097.712
5131.032
5164.356
5197.668
5264.306
5330.941
5364.260
5397.579
5464.215
5497.533
5530.852
5564.169
5630.806
5664.125
5730.762
5764.080
5797.400
5830.717
5864.035
5930.672
5963.990
5997.309
6063.946
6097.265
6163.901
6197.222
6263.856
6297.175
6330.493
6363.817
6397.129
6463.766
6530.402
6563.721
6597.040
6630.358
6663.677
6730.313
6763.631
6796.951
6863.588
6896.906
6963.541
6996.861
7063.497
7096.816
7163.452
7196.771
7230.088
7263.407
7296.726
7330.044
7363.362
7396.681
7429.999
7463.318
7529.954
7563.272
7596.591
7629.909
7663.229
7696.547
7763.182
7796.501
7829.821
7863.139
7929.776
7963.094
8029.730
8096.366
8129.685
8163.003
8196.322
8229.641
8262.959
8329.595
8362.914
8396.233
8462.868
8496.187
8529.507
8562.826
8596.143
8629.461
8662.779
8696.099
8729.416
8762.735
8796.053
8862.691
8896.008
8929.326
8962.645
8995.963
9029.283
9062.600
9129.236
9162.556
9195.874
9229.191
9262.511
9295.830
9362.464
9395.785
9429.104
9495.739
9529.058
9562.377
9595.695
9629.014
9695.649
9728.970
9762.291
9795.606
9828.924
9862.243
9895.561
9928.878
9995.515
10028.834
10095.469
10128.791
10195.426
10228.745
10295.381
10328.700
10362.019
10395.339
